[1, 0]
[2, 9]
[3, 16]
[4, 18]
[5, 23]
[7, 25]
[8, 27]
[9, 30]
[12, 32]
[15, 34]
[16, 36]
[17, 37]
[21, 39]
[27, 41]
[31, 43]
[32, 44]
[33, 45]
[38, 46]
[48, 48]
[58, 50]
[59, 51]
[64, 52]
[70, 53]
[71, 54]
[86, 55]
[106, 57]
[107, 58]
[122, 59]
[129, 60]
[135, 61]
[156, 62]
[157, 63]
[192, 64]
[193, 65]
[228, 66]
[236, 67]
[257, 68]
[285, 69]
[292, 70]
[348, 71]
[350, 72]
[420, 73]
[429, 74]
[485, 75]
[521, 76]
[549, 77]
[633, 78]
[642, 79]
[768, 80]
[779, 81]
[905, 82]
[950, 83]
[1034, 84]
[1154, 85]
[1191, 86]
[1401, 87]
[1421, 88]
[1673, 89]
[1729, 90]
[1939, 91]
[2104, 92]
[2225, 93]
[2555, 94]
[2612, 95]
[3074, 96]
[3150, 97]
[3612, 98]
[3833, 99]
[4164, 100]
[4659, 101]
[4837, 102]
[5629, 103]
[5762, 104]
[6686, 105]
[6983, 106]
[7776, 107]
[8492, 108]
[9001, 109]
[10288, 110]
[10599, 111]
[12315, 112]
[12745, 113]
[14462, 114]
[15475, 115]
[16777, 116]
[18780, 117]
[19600, 118]
[22603, 119]
[23344, 120]
[26777, 121]
[28220, 122]
[31239, 123]
[34255, 124]
[36377, 125]
[41383, 126]
[42944, 127]
[49380, 128]
[51564, 129]
[58016, 130]
[62475, 131]
[67616, 132]
[75638, 133]
[79321, 134]
[90763, 135]
[94508, 136]
[107396, 137]
[114039, 138]
[125632, 139]
[138113, 140]
[146937, 141]
[166401, 142]
[173829, 143]
[198159, 144]
[208547, 145]
[233028, 146]
[252152, 147]
[272569, 148]
[304514, 149]
[320766, 150]
[364560, 151]
[382376, 152]
[431187, 153]
[460699, 154]
[505597, 155]
[556666, 156]
[593335, 157]
[669074, 158]
[703142, 159]
[795747, 160]
[843075, 161]
[936784, 162]
[1017365, 163]
[1098932, 164]
[1225740, 165]
[1296477, 166]
[1464821, 167]
[1546217, 168]
[1732531, 169]
[1860440, 170]
[2035716, 171]
[2243105, 172]
[2395409, 173]
[2690561, 174]
[2842694, 175]
[3197352, 176]
[3406657, 177]
[3768247, 178]
[4103545, 179]
[4431125, 180]
[4933666, 181]
[5238103, 182]
[5887913, 183]
[6249351, 184]
[6965599, 185]
[7510202, 186]
[8199372, 187]
[9037211, 188]
[9669228, 189]
[10821579, 190]
[11487454, 191]
[12853512, 192]
[13759553, 193]
[15164971, 194]
[16547413, 195]
[17868600, 196]
[19858790, 197]
[21156682, 198]
[23675091, 199]
[25247007, 200]
[28018483, 201]
[30306966, 202]
[33033571, 203]
[36406203, 204]
[39025282, 205]
[43533881, 206]
[46403689, 207]
[51693574, 208]
[55553973, 209]
[61052054, 210]
[66713169, 211]
[72058853, 212]
[79940084, 213]
[85428971, 214]
[95227455, 215]
[101957662, 216]
[112745628, 217]
[122267142, 218]
[133110907, 219]
[146653253, 220]
[157487824, 221]
[175167539, 222]
[187386633, 223]
[207973083, 224]
[224224804, 225]
[245856535, 226]
[268920395, 227]
[290598731, 228]
[321820792, 229]
[344874457, 230]
[383140622, 231]
[411611437, 232]
[453829618, 233]
[493145199, 234]
[536455266, 235]
[590741187, 236]
[635473188, 237]
[704961414, 238]
[756485894, 239]
[836970240, 240]
[904756636, 241]
[990284884, 242]
[1083886386, 243]
[1171928454, 244]
[1295702601, 245]
[1391959082, 246]
[1541931654, 247]
[1661242530, 248]
[1827255124, 249]
[1988643022, 250]
[2162213338, 251]
[2379588987, 252]
[2563887536, 253]
[2837634255, 254]
[3053201612, 255]
[3369186778, 256]